{
    "camera_model": "OPENCV",
    "orientation_override": "none",
    "frames": [
        {
            "fl_x": 785.8103717528412,
            "fl_y": 785.8103717528412,
            "cx": 499.71185302734375,
            "cy": 347.5471496582031,
            "w": 994,
            "h": 738,
            "file_path": "./images/frame_00001.jpg",
            "transform_matrix": [
                [
                    0.48089054226875305,
                    -0.5913266539573669,
                    0.6473616361618042,
                    -0.16973812878131866
                ],
                [
                    0.8680583238601685,
                    0.21721410751342773,
                    -0.44642212986946106,
                    -0.3516941964626312
                ],
                [
                    0.12336521595716476,
                    0.7766278386116028,
                    0.6177622675895691,
                    0.02688930369913578
                ],
                [
                    0.0,
                    0.0,
                    0.0,
                    1.0
                ]
            ]
        },
        {
            "fl_x": 785.8381570878439,
            "fl_y": 785.8381570878439,
            "cx": 500.245361328125,
            "cy": 347.2474365234375,
            "w": 994,
            "h": 738,
            "file_path": "./images/frame_00002.jpg",
            "transform_matrix": [
                [
                    0.4545731544494629,
                    -0.6067913770675659,
                    0.6520487070083618,
                    -0.14934320747852325
                ],
                [
                    0.8801668882369995,
                    0.19371165335178375,
                    -0.4333382844924927,
                    -0.3441747725009918
                ],
                [
                    0.13663651049137115,
                    0.7708956003189087,
                    0.6221337914466858,
                    0.039198774844408035
                ],
                [
                    0.0,
                    0.0,
                    0.0,
                    1.0
                ]
            ]
        },
        {
            "fl_x": 785.6857957453553,
            "fl_y": 785.6857957453553,
            "cx": 499.89752197265625,
            "cy": 347.1121826171875,
            "w": 994,
            "h": 738,
            "file_path": "./images/frame_00003.jpg",
            "transform_matrix": [
                [
                    0.3271467983722687,
                    -0.5996851921081543,
                    0.7303099632263184,
                    -0.11828044056892395
                ],
                [
                    0.941570520401001,
                    0.1413324624300003,
                    -0.3057287931442261,
                    -0.2885884940624237
                ],
                [
                    0.08012451231479645,
                    0.7876565456390381,
                    0.6108823418617249,
                    0.04742087423801422
                ],
                [
                    0.0,
                    0.0,
                    0.0,
                    1.0
                ]
            ]
        },
        {
            "fl_x": 785.608180007358,
            "fl_y": 785.608180007358,
            "cx": 498.779052734375,
            "cy": 346.90472412109375,
            "w": 994,
            "h": 738,
            "file_path": "./images/frame_00004.jpg",
            "transform_matrix": [
                [
                    0.2393714338541031,
                    -0.5737048387527466,
                    0.7833033204078674,
                    -0.110709048807621
                ],
                [
                    0.9684915542602539,
                    0.08396695554256439,
                    -0.23446469008922577,
                    -0.24189221858978271
                ],
                [
                    0.06874193996191025,
                    0.8147467970848083,
                    0.5757275819778442,
                    0.046719569712877274
                ],
                [
                    0.0,
                    0.0,
                    0.0,
                    1.0
                ]
            ]
        },
        {
            "fl_x": 785.3091365227219,
            "fl_y": 785.3091365227219,
            "cx": 498.59033203125,
            "cy": 346.69036865234375,
            "w": 994,
            "h": 738,
            "file_path": "./images/frame_00005.jpg",
            "transform_matrix": [
                [
                    0.19604356586933136,
                    -0.573432981967926,
                    0.7954505681991577,
                    -0.10520536452531815
                ],
                [
                    0.9795230627059937,
                    0.07659416645765305,
                    -0.1861933171749115,
                    -0.22380946576595306
                ],
                [
                    0.04584251716732979,
                    0.8156641125679016,
                    0.57670658826828,
                    0.04754652827978134
                ],
                [
                    0.0,
                    0.0,
                    0.0,
                    1.0
                ]
            ]
        },
        {
            "fl_x": 785.6166072078646,
            "fl_y": 785.6166072078646,
            "cx": 498.71795654296875,
            "cy": 346.6539001464844,
            "w": 994,
            "h": 738,
            "file_path": "./images/frame_00006.jpg",
            "transform_matrix": [
                [
                    0.15586961805820465,
                    -0.5772730112075806,
                    0.8015363812446594,
                    -0.09941583126783371
                ],
                [
                    0.9872264266014099,
                    0.06393712759017944,
                    -0.14593152701854706,
                    -0.19564956426620483
                ],
                [
                    0.03299440070986748,
                    0.814044177532196,
                    0.579865038394928,
                    0.04625747352838516
                ],
                [
                    0.0,
                    0.0,
                    0.0,
                    1.0
                ]
            ]
        },
        {
            "fl_x": 785.6166072078646,
            "fl_y": 785.6166072078646,
            "cx": 498.23822021484375,
            "cy": 346.51153564453125,
            "w": 994,
            "h": 738,
            "file_path": "./images/frame_00007.jpg",
            "transform_matrix": [
                [
                    0.10437901318073273,
                    -0.5906102657318115,
                    0.800177812576294,
                    -0.09665510058403015
                ],
                [
                    0.993461012840271,
                    0.024492446333169937,
                    -0.11151394248008728,
                    -0.17779289186000824
                ],
                [
                    0.046262964606285095,
                    0.8065851926803589,
                    0.5893047451972961,
                    0.04434077814221382
                ],
                [
                    0.0,
                    0.0,
                    0.0,
                    1.0
                ]
            ]
        },
        {
            "fl_x": 785.6608805438582,
            "fl_y": 785.6608805438582,
            "cx": 497.78924560546875,
            "cy": 346.4536437988281,
            "w": 994,
            "h": 738,
            "file_path": "./images/frame_00008.jpg",
            "transform_matrix": [
                [
                    0.05542558431625366,
                    -0.5787357091903687,
                    0.8136295080184937,
                    -0.09726882725954056
                ],
                [
                    0.997262179851532,
                    -0.007862769067287445,
                    -0.07352769374847412,
                    -0.14980901777744293
                ],
                [
                    0.04895048588514328,
                    0.8154772520065308,
                    0.5767154097557068,
                    0.04412166029214859
                ],
                [
                    0.0,
                    0.0,
                    0.0,
                    1.0
                ]
            ]
        },
        {
            "fl_x": 785.9737861626609,
            "fl_y": 785.9737861626609,
            "cx": 498.40777587890625,
            "cy": 346.52227783203125,
            "w": 994,
            "h": 738,
            "file_path": "./images/frame_00009.jpg",
            "transform_matrix": [
                [
                    0.0035436891485005617,
                    -0.5930038690567017,
                    0.8051918148994446,
                    -0.10193171352148056
                ],
                [
                    0.9981046319007874,
                    -0.047372229397296906,
                    -0.03928118571639061,
                    -0.1024370938539505
                ],
                [
                    0.06143762543797493,
                    0.803804874420166,
                    0.5917120575904846,
                    0.03798919543623924
                ],
                [
                    0.0,
                    0.0,
                    0.0,
                    1.0
                ]
            ]
        },
        {
            "fl_x": 786.4307480567861,
            "fl_y": 786.4307480567861,
            "cx": 498.29461669921875,
            "cy": 346.63885498046875,
            "w": 994,
            "h": 738,
            "file_path": "./images/frame_00010.jpg",
            "transform_matrix": [
                [
                    -0.05248100683093071,
                    -0.6206312775611877,
                    0.7823442816734314,
                    -0.10767082124948502
                ],
                [
                    0.9968081116676331,
                    -0.07975351810455322,
                    0.003599394578486681,
                    -0.06161153316497803
                ],
                [
                    0.0601608082652092,
                    0.7800360321998596,
                    0.6228358149528503,
                    0.03382987529039383
                ],
                [
                    0.0,
                    0.0,
                    0.0,
                    1.0
                ]
            ]
        },
        {
            "fl_x": 786.8905190177475,
            "fl_y": 786.8905190177475,
            "cx": 498.2591552734375,
            "cy": 346.7378234863281,
            "w": 994,
            "h": 738,
            "file_path": "./images/frame_00011.jpg",
            "transform_matrix": [
                [
                    -0.08146274089813232,
                    -0.6144199371337891,
                    0.7847623825073242,
                    -0.11446167528629303
                ],
                [
                    0.9947437644004822,
                    -0.09913215786218643,
                    0.025645699352025986,
                    -0.03278563916683197
                ],
                [
                    0.062037963420152664,
                    0.7827266454696655,
                    0.6192659735679626,
                    0.041289858520030975
                ],
                [
                    0.0,
                    0.0,
                    0.0,
                    1.0
                ]
            ]
        },
        {
            "fl_x": 787.3086425095391,
            "fl_y": 787.3086425095391,
            "cx": 498.25384521484375,
            "cy": 346.6955261230469,
            "w": 994,
            "h": 738,
            "file_path": "./images/frame_00012.jpg",
            "transform_matrix": [
                [
                    -0.06330706179141998,
                    -0.6349461674690247,
                    0.7699581384658813,
                    -0.13436785340309143
                ],
                [
                    0.9972459673881531,
                    -0.0701146349310875,
                    0.024174939841032028,
                    -0.011722131632268429
                ],
                [
                    0.03863554820418358,
                    0.7693681120872498,
                    0.6376363039016724,
                    0.05281699076294899
                ],
                [
                    0.0,
                    0.0,
                    0.0,
                    1.0
                ]
            ]
        },
        {
            "fl_x": 787.8625782761587,
            "fl_y": 787.8625782761587,
            "cx": 497.76104736328125,
            "cy": 346.66754150390625,
            "w": 994,
            "h": 738,
            "file_path": "./images/frame_00013.jpg",
            "transform_matrix": [
                [
                    -0.0027680727653205395,
                    -0.7287559509277344,
                    0.6847679615020752,
                    -0.17891493439674377
                ],
                [
                    0.9998536705970764,
                    -0.013576764613389969,
                    -0.01040714606642723,
                    -0.011900199577212334
                ],
                [
                    0.016881203278899193,
                    0.6846389174461365,
                    0.7286868691444397,
                    0.07372473180294037
                ],
                [
                    0.0,
                    0.0,
                    0.0,
                    1.0
                ]
            ]
        },
        {
            "fl_x": 788.7765020644098,
            "fl_y": 788.7765020644098,
            "cx": 497.2525634765625,
            "cy": 347.9171447753906,
            "w": 994,
            "h": 738,
            "file_path": "./images/frame_00014.jpg",
            "transform_matrix": [
                [
                    0.022745313122868538,
                    -0.8086856603622437,
                    0.5878010988235474,
                    -0.2220262587070465
                ],
                [
                    0.9996610283851624,
                    0.010947861708700657,
                    -0.023620616644620895,
                    -0.022497860714793205
                ],
                [
                    0.0126664899289608,
                    0.5881391167640686,
                    0.8086605668067932,
                    0.09712288528680801
                ],
                [
                    0.0,
                    0.0,
                    0.0,
                    1.0
                ]
            ]
        },
        {
            "fl_x": 788.9676407425623,
            "fl_y": 788.9676407425623,
            "cx": 497.176513671875,
            "cy": 350.35723876953125,
            "w": 994,
            "h": 738,
            "file_path": "./images/frame_00015.jpg",
            "transform_matrix": [
                [
                    0.05479634925723076,
                    -0.8571070432662964,
                    0.5122156739234924,
                    -0.25901591777801514
                ],
                [
                    0.998283326625824,
                    0.036401767283678055,
                    -0.04588316008448601,
                    -0.04108940437436104
                ],
                [
                    0.020681222900748253,
                    0.5138506293296814,
                    0.8576303720474243,
                    0.11616901308298111
                ],
                [
                    0.0,
                    0.0,
                    0.0,
                    1.0
                ]
            ]
        },
        {
            "fl_x": 788.3693705732785,
            "fl_y": 788.3693705732785,
            "cx": 497.16607666015625,
            "cy": 352.99664306640625,
            "w": 994,
            "h": 738,
            "file_path": "./images/frame_00016.jpg",
            "transform_matrix": [
                [
                    0.08550787717103958,
                    -0.8613196015357971,
                    0.500816285610199,
                    -0.2635848820209503
                ],
                [
                    0.9956701993942261,
                    0.055476900190114975,
                    -0.07458684593439102,
                    -0.08307567983865738
                ],
                [
                    0.03645937517285347,
                    0.5050256252288818,
                    0.8623339533805847,
                    0.11934749782085419
                ],
                [
                    0.0,
                    0.0,
                    0.0,
                    1.0
                ]
            ]
        },
        {
            "fl_x": 788.2309324316263,
            "fl_y": 788.2309324316263,
            "cx": 498.1011962890625,
            "cy": 347.6307067871094,
            "w": 994,
            "h": 738,
            "file_path": "./images/frame_00017.jpg",
            "transform_matrix": [
                [
                    0.32233598828315735,
                    -0.6134345531463623,
                    0.7209699153900146,
                    -0.23535388708114624
                ],
                [
                    0.9432777166366577,
                    0.14414694905281067,
                    -0.299079954624176,
                    -0.20035390555858612
                ],
                [
                    0.07954034954309464,
                    0.7764790654182434,
                    0.6251028776168823,
                    0.06308967620134354
                ],
                [
                    0.0,
                    0.0,
                    0.0,
                    1.0
                ]
            ]
        },
        {
            "fl_x": 788.6158967214257,
            "fl_y": 788.6158967214257,
            "cx": 498.69287109375,
            "cy": 347.4637451171875,
            "w": 994,
            "h": 738,
            "file_path": "./images/frame_00018.jpg",
            "transform_matrix": [
                [
                    0.3489343822002411,
                    -0.6131442189216614,
                    0.7087305188179016,
                    -0.23596912622451782
                ],
                [
                    0.9326190948486328,
                    0.1529400795698166,
                    -0.3268499970436096,
                    -0.22130967676639557
                ],
                [
                    0.09201287478208542,
                    0.7750248312950134,
                    0.625196099281311,
                    0.05637152120471001
                ],
                [
                    0.0,
                    0.0,
                    0.0,
                    1.0
                ]
            ]
        },
        {
            "fl_x": 788.6823372587514,
            "fl_y": 788.6823372587514,
            "cx": 498.83612060546875,
            "cy": 347.4386901855469,
            "w": 994,
            "h": 738,
            "file_path": "./images/frame_00019.jpg",
            "transform_matrix": [
                [
                    0.41060903668403625,
                    -0.6229515671730042,
                    0.665831446647644,
                    -0.24409769475460052
                ],
                [
                    0.9045028686523438,
                    0.18600870668888092,
                    -0.38376471400260925,
                    -0.23527152836322784
                ],
                [
                    0.11521639674901962,
                    0.759823739528656,
                    0.6398383378982544,
                    0.05068272352218628
                ],
                [
                    0.0,
                    0.0,
                    0.0,
                    1.0
                ]
            ]
        },
        {
            "fl_x": 789.1254370187107,
            "fl_y": 789.1254370187107,
            "cx": 499.2669677734375,
            "cy": 347.2370300292969,
            "w": 994,
            "h": 738,
            "file_path": "./images/frame_00020.jpg",
            "transform_matrix": [
                [
                    0.5369706749916077,
                    -0.6103863716125488,
                    0.58231520652771,
                    -0.27145540714263916
                ],
                [
                    0.8326390385627747,
                    0.2725598216056824,
                    -0.48210304975509644,
                    -0.24930281937122345
                ],
                [
                    0.13555338978767395,
                    0.7437335848808289,
                    0.6545881628990173,
                    0.0409393273293972
                ],
                [
                    0.0,
                    0.0,
                    0.0,
                    1.0
                ]
            ]
        },
        {
            "fl_x": 790.6486229769059,
            "fl_y": 790.6486229769059,
            "cx": 499.8992919921875,
            "cy": 348.027099609375,
            "w": 994,
            "h": 738,
            "file_path": "./images/frame_00021.jpg",
            "transform_matrix": [
                [
                    0.5982692241668701,
                    -0.6466631889343262,
                    0.4731813669204712,
                    -0.2987262010574341
                ],
                [
                    0.7871333956718445,
                    0.3637523949146271,
                    -0.4981016218662262,
                    -0.26420116424560547
                ],
                [
                    0.14998313784599304,
                    0.6704557538032532,
                    0.7266320586204529,
                    0.030931441113352776
                ],
                [
                    0.0,
                    0.0,
                    0.0,
                    1.0
                ]
            ]
        },
        {
            "fl_x": 792.3076212099288,
            "fl_y": 792.3076212099288,
            "cx": 500.2435302734375,
            "cy": 348.9921875,
            "w": 994,
            "h": 738,
            "file_path": "./images/frame_00022.jpg",
            "transform_matrix": [
                [
                    0.6201431155204773,
                    -0.7110337615013123,
                    0.33144158124923706,
                    -0.34117820858955383
                ],
                [
                    0.7726565599441528,
                    0.48049691319465637,
                    -0.4148789644241333,
                    -0.25816306471824646
                ],
                [
                    0.13573628664016724,
                    0.5133748650550842,
                    0.8473617434501648,
                    0.04070616513490677
                ],
                [
                    0.0,
                    0.0,
                    0.0,
                    1.0
                ]
            ]
        },
        {
            "fl_x": 792.9833849838689,
            "fl_y": 792.9833849838689,
            "cx": 500.4188232421875,
            "cy": 351.5606994628906,
            "w": 994,
            "h": 738,
            "file_path": "./images/frame_00023.jpg",
            "transform_matrix": [
                [
                    0.6357360482215881,
                    -0.7268797755241394,
                    0.259779691696167,
                    -0.36836114525794983
                ],
                [
                    0.7682233452796936,
                    0.5629587173461914,
                    -0.304811954498291,
                    -0.21970073878765106
                ],
                [
                    0.0753163993358612,
                    0.3933487832546234,
                    0.9162991642951965,
                    0.06683360785245895
                ],
                [
                    0.0,
                    0.0,
                    0.0,
                    1.0
                ]
            ]
        },
        {
            "fl_x": 792.1884801361031,
            "fl_y": 792.1884801361031,
            "cx": 498.920166015625,
            "cy": 355.44873046875,
            "w": 994,
            "h": 738,
            "file_path": "./images/frame_00024.jpg",
            "transform_matrix": [
                [
                    0.6246891021728516,
                    -0.7353987693786621,
                    0.26258736848831177,
                    -0.36789005994796753
                ],
                [
                    0.7801157236099243,
                    0.6025506258010864,
                    -0.1683812439441681,
                    -0.15744343400001526
                ],
                [
                    -0.034394823014736176,
                    0.31003445386886597,
                    0.9501029849052429,
                    0.08910030126571655
                ],
                [
                    0.0,
                    0.0,
                    0.0,
                    1.0
                ]
            ]
        },
        {
            "fl_x": 790.9781997967103,
            "fl_y": 790.9781997967103,
            "cx": 496.2065124511719,
            "cy": 356.8773498535156,
            "w": 994,
            "h": 738,
            "file_path": "./images/frame_00025.jpg",
            "transform_matrix": [
                [
                    0.35523930191993713,
                    -0.7465783357620239,
                    0.5625174641609192,
                    -0.2724847197532654
                ],
                [
                    0.930884599685669,
                    0.33738619089126587,
                    -0.14008738100528717,
                    -0.13568240404129028
                ],
                [
                    -0.08519941568374634,
                    0.5734033584594727,
                    0.8148310780525208,
                    0.07177267968654633
                ],
                [
                    0.0,
                    0.0,
                    0.0,
                    1.0
                ]
            ]
        },
        {
            "fl_x": 790.2830778882737,
            "fl_y": 790.2830778882737,
            "cx": 496.2792053222656,
            "cy": 348.6689453125,
            "w": 994,
            "h": 738,
            "file_path": "./images/frame_00026.jpg",
            "transform_matrix": [
                [
                    0.2788945436477661,
                    -0.5116874575614929,
                    0.8126461505889893,
                    -0.17477667331695557
                ],
                [
                    0.9592743515968323,
                    0.10892917960882187,
                    -0.2606284022331238,
                    -0.1596362590789795
                ],
                [
                    0.04483941197395325,
                    0.8522384166717529,
                    0.5212284326553345,
                    0.017535924911499023
                ],
                [
                    0.0,
                    0.0,
                    0.0,
                    1.0
                ]
            ]
        },
        {
            "fl_x": 787.7157740006705,
            "fl_y": 787.7157740006705,
            "cx": 498.22052001953125,
            "cy": 345.14825439453125,
            "w": 994,
            "h": 738,
            "file_path": "./images/frame_00027.jpg",
            "transform_matrix": [
                [
                    0.3362705111503601,
                    -0.4933501183986664,
                    0.8022018671035767,
                    -0.10691630095243454
                ],
                [
                    0.9287323355674744,
                    0.03249838203191757,
                    -0.3693237900733948,
                    -0.2326139509677887
                ],
                [
                    0.1561356782913208,
                    0.8692235350608826,
                    0.4691184461116791,
                    -0.011830662377178669
                ],
                [
                    0.0,
                    0.0,
                    0.0,
                    1.0
                ]
            ]
        },
        {
            "fl_x": 787.2864753082072,
            "fl_y": 787.2864753082072,
            "cx": 500.7725830078125,
            "cy": 345.6501770019531,
            "w": 994,
            "h": 738,
            "file_path": "./images/frame_00028.jpg",
            "transform_matrix": [
                [
                    0.4334252178668976,
                    -0.5330518484115601,
                    0.7266349196434021,
                    -0.09432200342416763
                ],
                [
                    0.8537174463272095,
                    -0.015378719195723534,
                    -0.5205094218254089,
                    -0.2699500024318695
                ],
                [
                    0.28863322734832764,
                    0.8459427952766418,
                    0.44841012358665466,
                    -0.034284546971321106
                ],
                [
                    0.0,
                    0.0,
                    0.0,
                    1.0
                ]
            ]
        },
        {
            "fl_x": 786.7659430102617,
            "fl_y": 786.7659430102617,
            "cx": 502.3487548828125,
            "cy": 345.09716796875,
            "w": 994,
            "h": 738,
            "file_path": "./images/frame_00029.jpg",
            "transform_matrix": [
                [
                    0.4613794684410095,
                    -0.5132619738578796,
                    0.7236650586128235,
                    -0.09695715457201004
                ],
                [
                    0.8348901271820068,
                    -0.024768276140093803,
                    -0.5498590469360352,
                    -0.333134263753891
                ],
                [
                    0.30014568567276,
                    0.8578745126724243,
                    0.4170897901058197,
                    -0.016846919432282448
                ],
                [
                    0.0,
                    0.0,
                    0.0,
                    1.0
                ]
            ]
        },
        {
            "fl_x": 785.6912917456857,
            "fl_y": 785.6912917456857,
            "cx": 502.98724365234375,
            "cy": 345.81707763671875,
            "w": 994,
            "h": 738,
            "file_path": "./images/frame_00030.jpg",
            "transform_matrix": [
                [
                    0.42694178223609924,
                    -0.4856916069984436,
                    0.7627741098403931,
                    -0.09575147926807404
                ],
                [
                    0.8807696104049683,
                    0.0322604700922966,
                    -0.4724448621273041,
                    -0.4055352807044983
                ],
                [
                    0.2048550546169281,
                    0.8735347390174866,
                    0.44155576825141907,
                    0.008723502047359943
                ],
                [
                    0.0,
                    0.0,
                    0.0,
                    1.0
                ]
            ]
        },
        {
            "fl_x": 785.8297909540081,
            "fl_y": 785.8297909540081,
            "cx": 501.83465576171875,
            "cy": 345.59490966796875,
            "w": 994,
            "h": 738,
            "file_path": "./images/frame_00031.jpg",
            "transform_matrix": [
                [
                    0.5037506818771362,
                    -0.48690181970596313,
                    0.7135558128356934,
                    -0.11558662354946136
                ],
                [
                    0.8445349931716919,
                    0.10389387607574463,
                    -0.525325357913971,
                    -0.4366779625415802
                ],
                [
                    0.18164779245853424,
                    0.8672558069229126,
                    0.46354222297668457,
                    0.02225334569811821
                ],
                [
                    0.0,
                    0.0,
                    0.0,
                    1.0
                ]
            ]
        },
        {
            "fl_x": 787.1923715692192,
            "fl_y": 787.1923715692192,
            "cx": 500.73095703125,
            "cy": 345.4454650878906,
            "w": 994,
            "h": 738,
            "file_path": "./images/frame_00032.jpg",
            "transform_matrix": [
                [
                    0.600739598274231,
                    -0.5059454441070557,
                    0.6189758777618408,
                    -0.15751101076602936
                ],
                [
                    0.7728418111801147,
                    0.16946499049663544,
                    -0.6115530729293823,
                    -0.4646894037723541
                ],
                [
                    0.20451775193214417,
                    0.8457546234130859,
                    0.4928201138973236,
                    0.013244486413896084
                ],
                [
                    0.0,
                    0.0,
                    0.0,
                    1.0
                ]
            ]
        },
        {
            "fl_x": 789.5630407783398,
            "fl_y": 789.5630407783398,
            "cx": 501.24639892578125,
            "cy": 345.7578430175781,
            "w": 994,
            "h": 738,
            "file_path": "./images/frame_00033.jpg",
            "transform_matrix": [
                [
                    0.6744711995124817,
                    -0.5239785313606262,
                    0.5201298594474792,
                    -0.20474791526794434
                ],
                [
                    0.6993981003761292,
                    0.2277868539094925,
                    -0.6774625182151794,
                    -0.48588085174560547
                ],
                [
                    0.23649704456329346,
                    0.8207067847251892,
                    0.520105242729187,
                    0.007492781616747379
                ],
                [
                    0.0,
                    0.0,
                    0.0,
                    1.0
                ]
            ]
        },
        {
            "fl_x": 792.1497028004396,
            "fl_y": 792.1497028004396,
            "cx": 502.0113525390625,
            "cy": 346.17095947265625,
            "w": 994,
            "h": 738,
            "file_path": "./images/frame_00034.jpg",
            "transform_matrix": [
                [
                    0.6903265118598938,
                    -0.5881243944168091,
                    0.4213775098323822,
                    -0.24215182662010193
                ],
                [
                    0.6737593412399292,
                    0.31036368012428284,
                    -0.670613706111908,
                    -0.4985787570476532
                ],
                [
                    0.263623982667923,
                    0.7468494772911072,
                    0.6105065941810608,
                    0.014736640267074108
                ],
                [
                    0.0,
                    0.0,
                    0.0,
                    1.0
                ]
            ]
        },
        {
            "fl_x": 793.0581305883607,
            "fl_y": 793.0581305883607,
            "cx": 502.42523193359375,
            "cy": 347.154296875,
            "w": 994,
            "h": 738,
            "file_path": "./images/frame_00035.jpg",
            "transform_matrix": [
                [
                    0.6741244196891785,
                    -0.6658856272697449,
                    0.31961318850517273,
                    -0.272427499294281
                ],
                [
                    0.6794460415840149,
                    0.38935256004333496,
                    -0.6218984127044678,
                    -0.4966696798801422
                ],
                [
                    0.28967100381851196,
                    0.6363968253135681,
                    0.7149054408073425,
                    0.023406444117426872
                ],
                [
                    0.0,
                    0.0,
                    0.0,
                    1.0
                ]
            ]
        },
        {
            "fl_x": 794.0246327797711,
            "fl_y": 794.0246327797711,
            "cx": 502.8753662109375,
            "cy": 349.0926513671875,
            "w": 994,
            "h": 738,
            "file_path": "./images/frame_00036.jpg",
            "transform_matrix": [
                [
                    0.7012680768966675,
                    -0.6670687794685364,
                    0.25148025155067444,
                    -0.31032857298851013
                ],
                [
                    0.661811888217926,
                    0.4780340790748596,
                    -0.5774845480918884,
                    -0.4755765497684479
                ],
                [
                    0.26500579714775085,
                    0.5714041590690613,
                    0.7767040729522705,
                    0.04916106536984444
                ],
                [
                    0.0,
                    0.0,
                    0.0,
                    1.0
                ]
            ]
        },
        {
            "fl_x": 795.2154939179968,
            "fl_y": 795.2154939179968,
            "cx": 502.6485595703125,
            "cy": 351.0168151855469,
            "w": 994,
            "h": 738,
            "file_path": "./images/frame_00037.jpg",
            "transform_matrix": [
                [
                    0.7277380228042603,
                    -0.6553232073783875,
                    0.20235837996006012,
                    -0.3343278169631958
                ],
                [
                    0.6548382043838501,
                    0.5761708617210388,
                    -0.48909518122673035,
                    -0.43695884943008423
                ],
                [
                    0.20392240583896637,
                    0.48844513297080994,
                    0.8484320640563965,
                    0.07855752110481262
                ],
                [
                    0.0,
                    0.0,
                    0.0,
                    1.0
                ]
            ]
        },
        {
            "fl_x": 795.8303131549415,
            "fl_y": 795.8303131549415,
            "cx": 501.82989501953125,
            "cy": 352.9996643066406,
            "w": 994,
            "h": 738,
            "file_path": "./images/frame_00038.jpg",
            "transform_matrix": [
                [
                    0.6884425282478333,
                    -0.7050088047981262,
                    0.1703215390443802,
                    -0.3324613869190216
                ],
                [
                    0.7077630758285522,
                    0.6017044186592102,
                    -0.37016648054122925,
                    -0.4066022038459778
                ],
                [
                    0.15848742425441742,
                    0.3753856420516968,
                    0.9132181406021118,
                    0.08447857946157455
                ],
                [
                    0.0,
                    0.0,
                    0.0,
                    1.0
                ]
            ]
